{
  "advancedEditorSelectedIdentifier" : "ProjectBrowser",
  "openSceneRelativePaths" : [
    "Immersive.usda"
  ],
  "recentIdentifiers" : {
    "AF09ED6F-1707-48FD-8720-65B998362C09" : [

    ]
  },
  "sceneCameraHistory" : {
    "AF09ED6F-1707-48FD-8720-65B998362C09" : [
      {
        "date" : 746490212.126189,
        "title" : "Untitled",
        "transform" : [
          0.95160574,
          3.3534215e-09,
          0.30732143,
          0,
          0.16770563,
          0.8379799,
          -0.5192923,
          0,
          -0.25752917,
          0.5457011,
          0.7974264,
          0,
          -0.0006336816,
          1.5685706,
          -0.62301797,
          1
        ]
      },
      {
        "date" : 746490138.330085,
        "title" : "Untitled",
        "transform" : [
          0.98910666,
          1.0453053e-05,
          0.14720072,
          0,
          0.098195784,
          0.7449323,
          -0.6598737,
          0,
          -0.10966147,
          0.66714,
          0.73681647,
          0,
          0.043391664,
          1.6009661,
          -0.6642355,
          1
        ]
      },
      {
        "date" : 745369236.376895,
        "title" : "Untitled",
        "transform" : [
          0.99048525,
          2.0816594e-07,
          -0.13761847,
          0,
          -0.081139,
          0.8077008,
          -0.58398277,
          0,
          0.11115443,
          0.5895925,
          0.80001575,
          0,
          0.2578116,
          1.5929891,
          -0.6094984,
          1
        ]
      },
      {
        "date" : 745369106.591385,
        "title" : "Untitled",
        "transform" : [
          0.9919527,
          2.0768843e-07,
          0.12660858,
          0,
          0.078865096,
          0.78229666,
          -0.6178934,
          0,
          -0.099045604,
          0.62290597,
          0.7760013,
          0,
          0.14917453,
          1.6102465,
          -0.57629824,
          1
        ]
      },
      {
        "date" : 745369033.527874,
        "title" : "Untitled",
        "transform" : [
          0.9919527,
          2.0768843e-07,
          0.12660858,
          0,
          0.078865096,
          0.78229666,
          -0.6178934,
          0,
          -0.099045604,
          0.62290597,
          0.7760013,
          0,
          0.14808165,
          1.6171197,
          -0.56773585,
          1
        ]
      },
      {
        "date" : 745369017.563857,
        "title" : "Untitled",
        "transform" : [
          0.9945392,
          2.0758954e-07,
          0.104363225,
          0,
          0.05863585,
          0.8272422,
          -0.55877745,
          0,
          -0.0863338,
          0.5618455,
          0.82272476,
          0,
          0.15468378,
          1.5849035,
          -0.5421833,
          1
        ]
      },
      {
        "date" : 745369012.759896,
        "title" : "Untitled",
        "transform" : [
          0.9973258,
          2.0815968e-07,
          0.073083624,
          0,
          0.030305529,
          0.9099711,
          -0.41356274,
          0,
          -0.0665041,
          0.4146715,
          0.90753764,
          0,
          0.16839637,
          1.5098115,
          -0.53926337,
          1
        ]
      },
      {
        "date" : 745278869.291559,
        "title" : "Untitled",
        "transform" : [
          0.99942106,
          2.077767e-07,
          0.034022026,
          0,
          0.021530863,
          0.77427024,
          -0.6324888,
          0,
          -0.026342396,
          0.63285506,
          0.77382195,
          0,
          0.18687432,
          1.623439,
          -0.56345373,
          1
        ]
      },
      {
        "date" : 745277530.913216,
        "title" : "Untitled",
        "transform" : [
          0.9683878,
          2.0797243e-07,
          -0.24944928,
          0,
          -0.09915825,
          0.9175988,
          -0.38494182,
          0,
          0.2288943,
          0.3975079,
          0.88859165,
          0,
          0.31279796,
          1.5005605,
          -0.57057184,
          1
        ]
      },
      {
        "date" : 745277524.381582,
        "title" : "Untitled",
        "transform" : [
          0.96886253,
          2.042579e-07,
          -0.24759986,
          0,
          -0.16820198,
          0.7338336,
          -0.65817666,
          0,
          0.18169697,
          0.6793294,
          0.7109839,
          0,
          0.29106727,
          1.6547127,
          -0.6517972,
          1
        ]
      }
    ]
  },
  "sceneViewportBackgroundColors" : {

  },
  "selectedSceneRelativePath" : "Immersive.usda"
}